0 625
0 585
0 225
0 226
1 587
1 622
1 244
1 218
2 606
2 242
2 221
2 251
3 213
3 628
3 607
3 188
4 216
4 618
4 183
4 217
5 211
5 210
5 624
5 611
6 35
6 7
6 394
6 16
7 35
7 394
7 16
7 262
8 399
8 12
8 11
8 18
9 395
9 65
9 45
9 62
10 422
10 416
10 375
10 72
11 399
11 8
11 12
11 18
12 8
12 399
12 11
12 18
13 36
13 17
13 400
13 410
14 228
14 402
14 409
14 38
15 539
15 56
15 62
15 65
16 394
16 35
16 7
16 262
17 36
17 400
17 13
17 410
18 11
18 29
18 25
18 399
19 95
19 7
19 35
19 6
20 43
20 365
20 42
20 55
21 13
21 17
21 36
21 400
22 27
22 34
22 37
22 424
23 620
23 288
23 396
23 419
24 410
24 400
24 36
24 17
25 29
25 393
25 417
25 28
26 53
26 525
26 412
26 404
27 34
27 22
27 37
27 424
28 417
28 393
28 32
28 25
29 25
29 393
29 417
29 18
30 73
30 366
30 535
30 51
31 424
31 37
31 34
31 27
32 22
32 28
32 27
32 34
33 405
33 192
33 230
33 272
34 27
34 22
34 37
34 424
35 394
35 16
35 7
35 262
36 17
36 400
36 13
36 410
37 34
37 31
37 27
37 424
38 402
38 409
38 375
38 72
39 408
39 21
39 15
39 539
40 524
40 58
40 63
40 60
41 44
41 362
41 405
41 398
42 43
42 50
42 20
42 365
43 42
43 20
43 365
43 50
44 362
44 41
44 405
44 398
45 65
45 62
45 40
45 58
46 49
46 54
46 505
46 424
47 539
47 54
47 15
47 21
48 277
48 419
48 396
48 270
49 46
49 505
49 54
49 27
50 42
50 43
50 20
50 538
51 535
51 52
51 366
51 70
52 51
52 535
52 70
52 57
53 26
53 525
53 412
53 404
54 46
54 49
54 47
54 410
55 517
55 365
55 57
55 20
56 62
56 65
56 15
56 45
57 70
57 517
57 55
57 52
58 524
58 40
58 63
58 60
59 67
59 504
59 78
59 268
60 519
60 63
60 538
60 524
61 64
61 401
61 418
61 421
62 65
62 56
62 45
62 58
63 60
63 519
63 524
63 40
64 61
64 418
64 401
64 537
65 45
65 62
65 56
65 58
66 358
66 360
66 357
66 356
67 78
67 59
67 504
67 268
68 18
68 29
68 108
68 25
69 462
69 635
69 522
69 415
70 57
70 52
70 517
70 51
71 551
71 150
71 178
71 168
72 375
72 371
72 10
72 422
73 366
73 535
73 30
73 51
74 85
74 278
74 412
74 53
75 271
75 506
75 383
75 281
76 263
76 107
76 532
76 91
77 86
77 528
77 102
77 88
78 504
78 67
78 268
78 59
79 109
79 99
79 271
79 540
80 273
80 82
80 260
80 87
81 280
81 100
81 96
81 283
82 260
82 87
82 273
82 266
83 106
83 94
83 103
83 252
84 252
84 104
84 106
84 83
85 74
85 283
85 278
85 407
86 528
86 77
86 102
86 403
87 266
87 260
87 89
87 90
88 102
88 96
88 77
88 397
89 266
89 87
89 90
89 101
90 101
90 253
90 267
90 89
91 532
91 107
91 76
91 263
92 255
92 97
92 105
92 98
93 105
93 263
93 97
93 76
94 103
94 83
94 106
94 295
95 19
95 568
95 521
95 173
96 88
96 280
96 102
96 81
97 255
97 105
97 93
97 263
98 92
98 255
98 97
98 105
99 268
99 79
99 109
99 504
100 81
100 283
100 280
100 277
101 90
101 253
101 267
101 89
102 88
102 77
102 86
102 528
103 94
103 83
103 106
103 295
104 84
104 252
104 145
104 106
105 93
105 97
105 255
105 263
106 83
106 94
106 103
106 252
107 532
107 91
107 76
107 263
108 141
108 80
108 273
108 68
109 79
109 99
109 271
109 382
110 316
110 142
110 302
110 131
111 130
111 311
111 303
111 119
112 286
112 391
112 121
112 113
113 286
113 112
113 361
113 377
114 125
114 140
114 137
114 301
115 316
115 116
115 309
115 312
116 115
116 276
116 278
116 307
117 144
117 134
117 133
117 139
118 127
118 314
118 129
118 120
119 311
119 130
119 145
119 111
120 124
120 314
120 143
120 118
121 310
121 112
121 516
121 391
122 132
122 318
122 301
122 137
123 139
123 133
123 134
123 117
124 143
124 120
124 314
124 118
125 140
125 114
125 137
125 301
126 289
126 511
126 135
126 296
127 129
127 318
127 118
127 122
128 297
128 299
128 305
128 136
129 318
129 127
129 122
129 132
130 311
130 111
130 119
130 303
131 142
131 302
131 110
131 512
132 122
132 318
132 301
132 137
133 134
133 117
133 144
133 139
134 133
134 117
134 144
134 139
135 292
135 126
135 289
135 511
136 297
136 128
136 299
136 144
137 301
137 114
137 125
137 132
138 310
138 513
138 121
138 373
139 123
139 133
139 134
139 117
140 125
140 114
140 137
140 305
141 108
141 250
141 220
141 80
142 131
142 302
142 110
142 381
143 124
143 120
143 314
143 118
144 117
144 134
144 133
144 139
145 119
145 311
145 130
145 104
146 580
146 178
146 150
146 192
147 562
147 172
147 152
147 175
148 569
148 177
148 180
148 566
149 572
149 175
149 179
149 161
150 178
150 551
150 580
150 171
151 153
151 161
151 179
151 549
152 172
152 563
152 147
152 159
153 151
153 549
153 161
153 179
154 156
154 346
154 320
154 554
155 165
155 341
155 157
155 558
156 154
156 346
156 320
156 554
157 558
157 163
157 170
157 155
158 168
158 171
158 166
158 561
159 563
159 152
159 172
159 174
160 567
160 173
160 568
160 169
161 179
161 151
161 153
161 572
162 181
162 323
162 176
162 556
163 170
163 558
163 157
163 350
164 576
164 350
164 612
164 170
165 341
165 155
165 569
165 428
166 561
166 549
166 158
166 153
167 176
167 634
167 323
167 456
168 171
168 158
168 551
168 166
169 567
169 180
169 177
169 160
170 163
170 558
170 157
170 350
171 168
171 158
171 551
171 166
172 152
172 147
172 563
172 159
173 568
173 160
173 536
173 567
174 554
174 320
174 154
174 156
175 149
175 572
175 562
175 179
176 323
176 167
176 634
176 162
177 180
177 148
177 569
177 169
178 150
178 580
178 551
178 146
179 161
179 151
179 572
179 149
180 177
180 148
180 169
180 569
181 162
181 346
181 156
181 154
182 610
182 196
182 633
182 204
183 217
183 618
183 4
183 216
184 203
184 611
184 624
184 210
185 195
185 590
185 187
185 202
186 197
186 208
186 616
186 190
187 195
187 202
187 185
187 191
188 607
188 628
188 200
188 3
189 630
189 194
189 193
189 614
190 616
190 208
190 197
190 186
191 202
191 612
191 187
191 583
192 272
192 509
192 146
192 198
193 189
193 630
193 613
193 194
194 614
194 630
194 189
194 193
195 187
195 202
195 185
195 590
196 204
196 209
196 610
196 182
197 208
197 616
197 186
197 190
198 613
198 574
198 193
198 192
199 212
199 609
199 633
199 201
200 188
200 607
200 628
200 3
201 609
201 212
201 608
201 199
202 187
202 195
202 191
202 185
203 184
203 611
203 624
203 210
204 209
204 196
204 610
204 182
205 211
205 5
205 590
205 454
206 629
206 615
206 214
206 207
207 214
207 206
207 629
207 615
208 197
208 616
208 186
208 190
209 204
209 196
209 610
209 182
210 624
210 611
210 203
210 184
211 205
211 5
211 210
211 624
212 609
212 201
212 199
212 633
213 3
213 628
213 607
213 188
214 207
214 206
214 629
214 615
215 608
215 333
215 262
215 394
216 4
216 618
216 183
216 213
217 183
217 618
217 617
217 4
218 233
218 622
218 1
218 587
219 594
219 229
219 233
219 218
220 250
220 584
220 222
220 508
221 231
221 606
221 603
221 595
222 584
222 601
222 220
222 251
223 501
223 246
223 244
223 583
224 595
224 603
224 248
224 231
225 226
225 0
225 625
225 585
226 225
226 592
226 0
226 625
227 249
227 238
227 593
227 585
228 422
228 10
228 416
228 402
229 594
229 247
229 219
229 602
230 245
230 239
230 621
230 465
231 221
231 603
231 595
231 224
232 235
232 237
232 243
232 592
233 218
233 219
233 594
233 622
234 248
234 240
234 224
234 595
235 232
235 237
235 243
235 592
236 241
236 631
236 593
236 238
237 235
237 232
237 592
237 243
238 593
238 249
238 631
238 227
239 621
239 254
239 359
239 230
240 602
240 234
240 247
240 248
241 236
241 631
241 593
241 495
242 251
242 2
242 601
242 606
243 232
243 235
243 245
243 237
244 246
244 587
244 1
244 223
245 243
245 230
245 232
245 235
246 244
246 223
246 501
246 587
247 602
247 229
247 240
247 594
248 234
248 224
248 595
248 603
249 227
249 238
249 593
249 631
250 220
250 508
250 584
250 222
251 601
251 242
251 222
251 584
252 84
252 104
252 106
252 83
253 101
253 90
253 267
253 89
254 359
254 527
254 269
254 529
255 97
255 105
255 93
255 92
256 265
256 264
256 542
256 537
257 518
257 541
257 284
257 258
258 523
258 518
258 257
258 282
259 284
259 541
259 257
259 285
260 87
260 266
260 82
260 89
261 275
261 542
261 503
261 264
262 394
262 16
262 35
262 7
263 76
263 93
263 107
263 532
264 256
264 542
264 265
264 261
265 256
265 264
265 542
265 537
266 87
266 89
266 260
266 90
267 101
267 90
267 253
267 89
268 504
268 78
268 99
268 67
269 529
269 274
269 527
269 282
270 407
270 277
270 48
270 283
271 75
271 109
271 79
271 281
272 509
272 192
272 146
272 465
273 80
273 82
273 260
273 87
274 529
274 269
274 282
274 527
275 503
275 261
275 285
275 542
276 294
276 307
276 510
276 116
277 48
277 419
277 270
277 396
278 74
278 116
278 85
278 276
279 385
279 367
279 507
279 295
280 81
280 100
280 96
280 419
281 383
281 506
281 363
281 369
282 274
282 529
282 269
282 523
283 100
283 85
283 81
283 270
284 541
284 259
284 257
284 285
285 259
285 284
285 541
285 503
286 113
286 112
286 377
286 427
287 368
287 295
287 290
287 507
288 389
288 372
288 381
288 306
289 126
289 511
289 135
289 296
290 368
290 298
290 287
290 295
291 331
291 321
291 570
291 564
292 135
292 123
292 139
292 126
293 306
293 312
293 309
293 510
294 307
294 510
294 309
294 276
295 287
295 507
295 368
295 279
296 378
296 376
296 379
296 511
297 299
297 128
297 305
297 136
298 290
298 368
298 287
298 582
299 297
299 128
299 305
299 136
300 304
300 313
300 571
300 340
301 137
301 132
301 122
301 114
302 131
302 142
302 110
302 512
303 111
303 130
303 311
303 143
304 300
304 571
304 313
304 446
305 140
305 125
305 114
305 299
306 293
306 372
306 312
306 288
307 294
307 510
307 309
307 276
308 454
308 315
308 325
308 573
309 312
309 510
309 307
309 294
310 121
310 138
310 370
310 374
311 130
311 111
311 119
311 303
312 309
312 293
312 510
312 306
313 300
313 340
313 573
313 304
314 120
314 118
314 124
314 143
315 308
315 454
315 573
315 340
316 110
316 115
316 306
316 293
317 441
317 319
317 464
317 479
318 122
318 132
318 129
318 301
319 564
319 441
319 317
319 331
320 554
320 154
320 156
320 346
321 570
321 291
321 331
321 446
322 324
322 544
322 328
322 546
323 176
323 162
323 167
323 452
324 322
324 544
324 328
324 546
325 454
325 308
325 345
325 342
326 337
326 575
326 471
326 436
327 543
327 578
327 574
327 455
328 324
328 322
328 546
328 544
329 557
329 552
329 437
329 550
330 334
330 543
330 339
330 344
331 291
331 564
331 321
331 570
332 343
332 347
332 338
332 560
333 215
333 262
333 394
333 16
334 339
334 344
334 330
334 543
335 547
335 354
335 351
335 352
336 355
336 550
336 560
336 552
337 326
337 575
337 612
337 342
338 343
338 579
338 332
338 439
339 344
339 334
339 330
339 545
340 573
340 313
340 300
340 304
341 165
341 155
341 569
341 428
342 345
342 575
342 325
342 337
343 338
343 332
343 579
343 347
344 339
344 334
344 330
344 545
345 342
345 325
345 575
345 454
346 156
346 154
346 320
346 554
347 560
347 332
347 343
347 338
348 459
348 353
348 545
348 544
349 546
349 461
349 351
349 328
350 576
350 164
350 170
350 163
351 461
351 547
351 335
351 349
352 354
352 335
352 547
352 482
353 348
353 459
353 545
353 544
354 352
354 335
354 547
354 351
355 336
355 550
355 560
355 552
356 357
356 360
356 358
356 540
357 356
357 360
357 358
357 66
358 360
358 66
358 357
358 356
359 254
359 527
359 269
359 529
360 358
360 357
360 66
360 356
361 377
361 387
361 113
361 443
362 44
362 41
362 398
362 405
363 369
363 281
363 382
363 383
364 515
364 391
364 387
364 516
365 20
365 55
365 43
365 42
366 73
366 535
366 51
366 30
367 385
367 279
367 507
367 506
368 290
368 287
368 298
368 295
369 382
369 363
369 281
369 383
370 374
370 516
370 390
370 515
371 72
371 375
371 537
371 10
372 288
372 389
372 306
372 381
373 513
373 386
373 384
373 390
374 370
374 516
374 390
374 515
375 72
375 371
375 10
375 422
376 378
376 296
376 379
376 289
377 387
377 361
377 391
377 364
378 376
378 296
378 379
378 534
379 534
379 378
379 376
379 296
380 584
380 508
380 479
380 222
381 512
381 389
381 288
381 372
382 369
382 363
382 388
382 139
383 506
383 281
383 363
383 367
384 386
384 512
384 373
384 513
385 367
385 279
385 507
385 506
386 384
386 373
386 512
386 513
387 377
387 364
387 391
387 515
388 534
388 379
388 382
388 292
389 288
389 372
389 381
389 306
390 370
390 374
390 516
390 513
391 364
391 387
391 515
391 377
392 397
392 520
392 514
392 425
393 25
393 29
393 417
393 28
394 16
394 35
394 7
394 262
395 9
395 411
395 58
395 524
396 419
396 48
396 530
396 277
397 520
397 392
397 425
397 514
398 421
398 362
398 44
398 526
399 11
399 8
399 12
399 18
400 36
400 17
400 13
400 410
401 61
401 418
401 64
401 421
402 38
402 409
402 375
402 72
403 420
403 531
403 514
403 533
404 423
404 30
404 525
404 73
405 41
405 33
405 44
405 362
406 414
406 413
406 443
406 250
407 270
407 85
407 277
407 26
408 39
408 21
408 539
408 13
409 402
409 38
409 375
409 72
410 24
410 400
410 36
410 17
411 395
411 42
411 43
411 50
412 53
412 26
412 525
412 74
413 414
413 406
413 533
413 443
414 413
414 406
414 443
414 533
415 522
415 635
415 23
415 620
416 422
416 10
416 371
416 537
417 28
417 393
417 25
417 29
418 64
418 401
418 537
418 61
419 396
419 48
419 277
419 530
420 403
420 533
420 531
420 514
421 526
421 398
421 401
421 237
422 10
422 416
422 375
422 72
423 366
423 73
423 535
423 51
424 31
424 37
424 34
424 27
425 520
425 397
425 530
425 392
426 430
426 431
426 581
426 451
427 548
427 456
427 482
427 452
428 577
428 434
428 453
428 426
429 565
429 559
429 447
429 449
430 431
430 426
430 581
430 451
431 430
431 426
431 581
431 451
432 556
432 442
432 452
432 440
433 559
433 536
433 160
433 376
434 453
434 577
434 428
434 566
435 448
435 444
435 451
435 436
436 435
436 448
436 444
436 451
437 553
437 445
437 450
437 557
438 458
438 457
438 439
438 171
439 457
439 579
439 458
439 338
440 460
440 555
440 450
440 432
441 317
441 319
441 564
441 201
442 556
442 432
442 452
442 456
443 406
443 414
443 413
443 508
444 451
444 581
444 448
444 435
445 450
445 553
445 437
445 555
446 571
446 304
446 300
446 570
447 449
447 566
447 565
447 429
448 435
448 444
448 451
448 436
449 566
449 447
449 453
449 434
450 445
450 553
450 555
450 460
451 444
451 581
451 448
451 431
452 442
452 556
452 432
452 456
453 434
453 566
453 577
453 449
454 308
454 315
454 325
454 345
455 578
455 574
455 327
455 509
456 427
456 452
456 548
456 442
457 439
457 458
457 438
457 579
458 438
458 457
458 439
458 579
459 348
459 353
459 545
459 344
460 555
460 440
460 450
460 445
461 351
461 547
461 349
461 335
462 69
462 635
462 522
462 415
463 586
463 502
463 605
463 500
464 479
464 502
464 317
464 380
465 475
465 490
465 484
465 466
466 489
466 484
466 493
466 490
467 498
467 591
467 487
467 477
468 494
468 600
468 473
468 485
469 588
469 499
469 491
469 488
470 493
470 597
470 481
470 489
471 582
471 326
471 436
471 337
472 485
472 496
472 476
472 600
473 480
473 486
473 627
473 494
474 492
474 481
474 598
474 597
475 490
475 484
475 465
475 466
476 496
476 598
476 472
476 485
477 591
477 467
477 498
477 501
478 626
478 589
478 483
478 488
479 464
479 380
479 317
479 502
480 486
480 627
480 473
480 495
481 597
481 474
481 492
481 470
482 352
482 548
482 456
482 427
483 589
483 487
483 478
483 498
484 466
484 490
484 475
484 489
485 472
485 496
485 476
485 600
486 627
486 495
486 497
486 480
487 483
487 589
487 498
487 467
488 491
488 626
488 478
488 469
489 466
489 484
489 493
489 490
490 475
490 484
490 465
490 466
491 488
491 626
491 469
491 478
492 474
492 598
492 481
492 597
493 470
493 489
493 597
493 466
494 468
494 600
494 473
494 227
495 497
495 627
495 486
495 480
496 472
496 476
496 485
496 598
497 495
497 627
497 486
497 480
498 467
498 487
498 591
498 483
499 500
499 588
499 605
499 469
500 605
500 499
500 588
500 463
501 223
501 583
501 246
501 244
502 586
502 463
502 464
502 479
503 275
503 261
503 285
503 259
504 268
504 78
504 67
504 99
505 49
505 46
505 32
505 28
506 383
506 281
506 363
506 367
507 279
507 385
507 367
507 295
508 250
508 220
508 584
508 604
509 272
509 192
509 455
509 146
510 307
510 294
510 309
510 312
511 289
511 126
511 296
511 135
512 381
512 384
512 386
512 389
513 373
513 390
513 386
513 384
514 531
514 392
514 403
514 397
515 364
515 516
515 391
515 374
516 374
516 370
516 515
516 390
517 55
517 57
517 70
517 365
518 257
518 258
518 523
518 541
519 60
519 63
519 538
519 524
520 397
520 392
520 425
520 514
521 568
521 95
521 511
521 536
522 415
522 635
522 23
522 69
523 258
523 518
523 257
523 282
524 58
524 40
524 63
524 60
525 26
525 53
525 412
525 404
526 421
526 398
526 362
526 44
527 359
527 254
527 269
527 529
528 86
528 77
528 102
528 403
529 269
529 274
529 282
529 527
530 425
530 396
530 419
530 520
531 514
531 403
531 392
531 420
532 107
532 91
532 76
532 263
533 420
533 403
533 413
533 414
534 388
534 379
534 378
534 376
535 51
535 52
535 366
535 73
536 568
536 173
536 521
536 433
537 371
537 416
537 72
537 375
538 519
538 60
538 63
538 50
539 15
539 47
539 56
539 408
540 356
540 357
540 360
540 358
541 284
541 259
541 257
541 518
542 264
542 261
542 256
542 265
543 327
543 330
543 334
543 578
544 322
544 324
544 328
544 353
545 459
545 348
545 353
545 344
546 349
546 328
546 461
546 351
547 335
547 351
547 461
547 354
548 427
548 456
548 482
548 452
549 153
549 151
549 561
549 166
550 355
550 336
550 552
550 329
551 150
551 171
551 168
551 178
552 329
552 557
552 550
552 437
553 437
553 445
553 450
553 555
554 320
554 174
554 154
554 156
555 460
555 440
555 450
555 445
556 432
556 442
556 452
556 440
557 329
557 552
557 437
557 553
558 157
558 163
558 170
558 155
559 433
559 429
559 565
559 567
560 347
560 332
560 343
560 336
561 166
561 549
561 153
561 158
562 147
562 175
562 149
562 572
563 159
563 152
563 172
563 147
564 319
564 331
564 291
564 441
565 429
565 559
565 447
565 449
566 449
566 447
566 453
566 434
567 160
567 169
567 173
567 559
568 173
568 536
568 95
568 160
569 148
569 177
569 180
569 341
570 321
570 291
570 446
570 331
571 304
571 446
571 300
571 313
572 149
572 179
572 175
572 161
573 340
573 313
573 300
573 315
574 578
574 327
574 455
574 613
575 337
575 342
575 326
575 345
576 164
576 350
576 170
576 612
577 434
577 428
577 453
577 566
578 455
578 327
578 574
578 543
579 338
579 343
579 439
579 332
580 146
580 178
580 150
580 551
581 451
581 444
581 431
581 430
582 471
582 436
582 298
582 119
583 501
583 191
583 202
583 223
584 222
584 220
584 250
584 601
585 625
585 0
585 225
585 227
586 463
586 502
586 605
586 500
587 1
587 622
587 244
587 246
588 499
588 469
588 500
588 605
589 483
589 487
589 478
589 626
590 185
590 195
590 187
590 202
591 477
591 467
591 498
591 501
592 237
592 226
592 235
592 232
593 631
593 238
593 249
593 236
594 219
594 229
594 233
594 247
595 224
595 603
595 231
595 248
596 254
596 239
596 359
596 527
597 481
597 470
597 493
597 474
598 476
598 492
598 474
598 496
599 200
599 188
599 607
599 628
600 468
600 494
600 485
600 472
601 251
601 222
601 584
601 242
602 247
602 240
602 229
602 234
603 595
603 224
603 231
603 221
604 508
604 380
604 584
604 220
605 500
605 499
605 463
605 586
606 2
606 221
606 242
606 231
607 188
607 628
607 200
607 3
608 215
608 201
608 609
608 262
609 212
609 201
609 199
609 608
610 182
610 196
610 204
610 209
611 624
611 203
611 184
611 210
612 191
612 202
612 350
612 576
613 198
613 574
613 193
613 192
614 194
614 630
614 189
614 207
615 629
615 206
615 214
615 207
616 208
616 197
616 190
616 186
617 217
617 183
617 618
617 190
618 4
618 183
618 216
618 217
619 462
619 69
619 635
619 522
620 315
620 308
620 454
620 573
621 239
621 254
621 230
621 359
622 1
622 587
622 218
622 244
623 291
623 331
623 321
623 570
624 611
624 203
624 210
624 184
625 0
625 585
625 225
625 226
626 478
626 488
626 491
626 589
627 486
627 495
627 497
627 480
628 3
628 607
628 188
628 213
629 206
629 615
629 214
629 207
630 189
630 194
630 614
630 193
631 593
631 238
631 236
631 241
632 254
632 359
632 527
632 239
633 199
633 182
633 212
633 609
634 167
634 176
634 200
634 352
635 522
635 415
635 69
635 462
