0 225
0 625
0 485
0 401
1 587
1 622
1 467
1 423
2 606
2 242
2 502
2 27
3 213
3 628
3 354
3 497
4 618
4 216
4 335
4 627
5 211
5 210
5 340
5 488
6 199
6 35
6 19
6 12
7 201
7 604
7 608
7 35
8 399
8 12
8 16
8 68
9 395
9 39
9 602
9 65
10 422
10 38
10 631
10 375
11 18
11 399
11 394
11 222
12 333
12 141
13 21
13 36
13 221
13 54
14 375
14 402
14 228
14 538
15 56
15 539
15 39
15 392
16 29
16 262
16 35
17 408
17 400
17 231
17 47
18 25
18 251
18 505
19 609
19 608
19 95
20 365
20 43
20 411
20 48
21 39
21 603
21 539
22 27
22 32
22 606
22 49
23 407
23 396
23 620
23 288
24 410
24 31
24 595
24 46
25 393
25 242
25 80
26 597
26 407
26 525
26 53
27 34
27 533
28 32
28 417
28 609
28 413
29 417
29 201
29 273
30 404
30 73
30 423
30 270
31 424
31 633
31 420
32 199
32 414
33 380
33 405
33 192
33 230
34 37
34 212
34 403
35 601
36 410
36 224
36 531
37 424
37 182
37 98
38 603
38 241
38 402
39 248
40 524
40 58
40 395
40 530
41 621
41 44
41 405
41 359
42 43
42 50
42 594
42 419
43 219
43 396
44 362
44 230
44 529
45 58
45 65
45 240
45 425
46 54
46 49
46 528
47 539
47 54
47 514
48 277
48 419
48 100
49 505
49 92
50 538
50 229
50 280
51 535
51 52
51 218
51 277
52 70
52 233
52 283
53 593
53 270
53 412
54 86
55 517
55 365
55 622
55 81
56 62
56 408
56 397
57 70
57 517
57 587
57 85
58 247
58 96
59 268
59 559
59 601
59 67
60 519
60 63
60 234
60 88
61 421
61 64
61 401
61 503
62 65
62 469
62 520
63 524
63 488
63 512
64 537
64 418
64 261
65 102
66 358
66 565
66 604
66 504
67 504
67 564
67 78
68 505
68 108
68 82
69 475
69 462
69 635
69 596
70 244
70 372
71 536
71 551
71 116
71 150
72 371
72 409
72 422
72 265
73 366
73 246
73 74
74 265
74 85
74 278
75 103
75 271
75 539
75 506
76 263
76 107
76 273
76 361
77 102
77 86
77 531
77 516
78 99
78 540
78 289
79 109
79 99
79 524
79 382
80 97
80 443
80 260
81 100
81 280
81 389
82 93
82 609
82 87
83 106
83 94
83 538
83 368
84 104
84 252
84 514
84 298
85 283
85 309
86 528
86 374
87 91
87 605
87 266
88 96
88 102
88 513
89 532
89 566
89 266
89 90
90 107
90 104
90 101
91 105
91 260
91 113
92 98
92 255
92 377
93 255
93 413
93 286
94 103
94 533
94 295
95 568
95 150
95 521
96 280
96 384
97 533
97 414
97 391
98 528
98 387
99 540
99 388
100 283
100 110
101 253
101 632
101 112
102 390
103 532
103 120
104 515
104 145
105 420
105 406
105 364
106 252
106 550
106 287
107 108
107 427
108 230
108 141
109 271
109 548
109 369
110 316
110 142
110 347
111 130
111 303
111 290
111 436
112 121
112 286
112 452
113 286
113 611
113 548
114 137
114 125
114 385
114 577
115 116
115 316
115 309
115 579
116 276
116 278
117 144
117 134
117 369
117 447
118 314
118 127
118 507
118 426
119 145
119 311
119 298
119 164
120 124
120 314
120 430
121 310
121 516
121 432
122 318
122 132
122 279
122 428
123 139
123 292
123 382
123 429
124 143
124 295
124 431
125 140
125 367
125 434
126 135
126 289
126 379
126 433
127 129
127 557
127 341
128 299
128 297
128 383
128 453
129 318
129 271
129 165
130 311
130 252
130 576
131 142
131 138
131 512
131 552
132 301
132 554
132 569
133 134
133 139
133 363
133 449
134 281
134 565
135 292
135 534
135 559
136 297
136 144
136 506
136 566
137 301
137 572
137 148
138 310
138 513
138 445
139 356
139 169
140 305
140 482
140 155
141 250
141 621
142 381
142 355
143 303
143 287
143 581
144 357
144 180
145 361
145 582
146 608
146 574
146 580
146 192
147 562
147 172
147 347
147 344
148 569
148 177
148 571
149 572
149 175
149 343
149 330
150 168
150 178
151 153
151 161
151 579
151 574
152 172
152 563
152 355
152 459
153 549
153 338
153 543
154 320
154 156
154 450
154 328
155 157
155 165
155 454
156 346
156 445
156 322
157 558
157 444
157 342
158 168
158 166
158 457
158 580
159 563
159 174
159 552
159 348
160 567
160 173
160 433
160 331
161 179
161 332
161 327
162 181
162 323
162 556
162 351
163 170
163 558
163 435
163 185
164 482
164 576
164 612
165 341
165 315
166 561
166 439
166 198
167 176
167 634
167 456
167 352
168 458
168 578
169 180
169 567
169 291
170 350
170 448
170 187
171 551
171 549
171 276
171 613
172 336
172 545
173 568
173 511
173 564
174 554
174 437
174 544
175 562
175 560
175 334
176 323
176 452
176 354
177 180
177 449
177 570
178 319
178 198
178 455
179 572
179 316
179 193
180 321
181 346
181 440
181 349
182 610
182 633
182 291
183 217
183 618
183 547
183 480
184 203
184 209
184 300
184 469
185 195
185 590
185 591
186 615
186 197
186 328
186 600
187 202
187 195
187 501
188 607
188 200
188 634
188 495
189 193
189 630
189 344
189 597
190 616
190 617
190 546
190 494
191 352
191 202
191 612
191 583
192 272
192 613
193 613
193 493
194 630
194 614
194 339
194 481
195 342
195 223
196 204
196 610
196 570
196 605
197 208
197 322
197 468
198 493
198 490
199 633
199 564
200 583
200 352
200 599
201 212
201 319
202 575
202 477
203 611
203 304
203 240
204 209
204 446
204 500
205 590
205 211
205 454
205 483
206 214
206 629
206 544
206 496
207 614
207 214
207 353
207 476
208 616
208 324
208 227
209 571
209 499
210 624
210 313
210 491
211 315
211 478
212 586
212 568
213 216
213 323
213 486
214 459
214 598
215 251
215 272
215 317
215 333
216 351
216 236
217 617
217 461
217 473
218 622
218 233
218 487
219 233
219 594
219 589
220 601
220 508
220 584
220 250
221 231
221 606
221 463
222 242
222 584
222 406
223 628
223 246
223 404
224 248
224 595
224 500
225 226
225 476
225 275
226 592
226 598
226 285
227 585
227 249
227 416
228 416
228 241
228 628
229 594
229 247
229 626
230 245
231 603
231 605
232 243
232 235
232 493
232 398
233 483
234 240
234 248
234 588
235 237
235 470
235 526
236 631
236 404
236 422
237 592
237 597
237 421
238 249
238 593
238 473
238 537
239 406
239 269
239 621
239 254
240 602
241 501
241 495
242 586
243 245
243 466
243 362
244 246
244 587
244 591
245 490
245 527
246 501
247 602
247 491
248 499
249 494
249 371
250 403
250 443
251 400
251 464
252 561
253 267
253 508
253 456
254 632
254 359
254 535
255 505
255 442
256 264
256 265
256 537
256 604
257 518
257 541
257 526
257 594
258 523
258 518
258 362
258 602
259 284
259 285
259 592
259 595
260 414
260 635
261 275
261 542
261 603
262 465
262 441
262 399
263 515
263 393
263 556
264 542
264 371
264 606
265 479
266 413
266 525
267 391
267 399
267 323
268 382
268 358
268 534
269 529
269 398
269 622
270 277
270 306
271 551
272 509
272 621
273 531
273 412
274 529
274 282
274 465
274 586
275 503
275 464
276 511
276 294
277 293
278 376
278 307
279 507
279 385
279 629
280 381
281 383
281 363
281 616
282 523
282 421
282 608
283 316
284 541
284 625
284 609
285 503
285 620
286 634
287 368
287 295
288 372
288 389
288 560
289 511
289 521
290 298
290 368
290 630
291 321
291 331
292 388
292 567
293 312
293 306
293 343
294 378
294 510
294 307
295 507
296 534
296 457
296 378
296 376
297 617
297 304
298 582
299 305
299 618
299 300
300 313
300 304
301 607
301 340
302 389
302 373
302 384
302 563
303 368
303 435
304 571
305 599
305 313
306 372
306 332
307 309
307 407
308 454
308 315
308 426
308 589
309 312
310 370
310 440
311 415
311 350
312 412
312 338
313 340
314 492
314 558
315 573
317 564
317 578
317 536
318 600
318 573
319 331
319 559
320 554
320 553
320 324
321 570
321 610
322 544
322 324
324 328
325 345
325 454
325 558
325 590
326 634
326 436
326 471
326 337
327 578
327 543
327 484
328 546
329 552
329 557
329 386
329 554
330 543
330 334
330 470
331 633
332 343
332 347
333 596
333 584
334 339
334 630
335 547
335 354
335 442
336 560
336 355
336 389
337 599
337 575
337 467
338 579
338 343
339 344
339 562
340 573
341 569
341 624
342 575
342 345
344 545
345 451
345 498
346 555
346 616
347 560
348 459
348 353
348 614
349 546
349 461
349 617
350 576
350 575
351 461
351 547
352 354
353 544
353 563
355 550
356 540
356 357
356 497
357 360
357 627
358 360
358 486
359 527
359 448
360 468
360 379
361 377
361 482
362 526
363 369
363 593
364 516
364 391
364 460
365 478
365 386
366 535
366 498
366 510
367 385
367 506
367 489
369 382
370 390
370 374
370 528
371 537
372 550
373 513
373 520
373 553
374 516
374 555
375 418
375 568
376 388
376 511
377 387
377 547
378 559
378 504
379 429
379 458
380 584
380 567
380 508
381 510
381 512
383 506
383 503
384 512
384 386
385 596
386 390
387 514
387 461
388 449
390 450
391 546
392 397
392 514
392 437
393 595
393 610
394 479
394 620
394 429
395 411
395 624
396 530
396 557
397 520
397 562
398 405
398 421
400 611
400 515
401 526
401 418
402 612
402 409
403 425
403 618
404 525
405 613
406 500
407 477
408 538
408 569
409 471
409 536
410 573
410 607
411 423
411 590
412 423
413 513
414 588
415 471
415 522
415 541
416 625
416 542
417 565
417 532
418 585
419 425
419 439
420 530
420 628
422 629
424 447
424 572
425 549
426 430
426 428
427 456
427 548
427 631
428 577
428 446
429 447
430 431
430 611
431 581
431 487
432 440
432 556
432 615
433 565
433 536
434 577
434 453
434 588
435 436
435 448
436 587
437 557
437 553
438 521
438 579
438 510
438 551
439 457
439 459
440 460
441 502
441 580
441 623
442 556
442 452
443 455
443 629
444 448
444 451
444 527
445 553
445 450
446 571
446 570
447 566
449 453
450 555
451 581
451 529
452 456
453 626
455 466
455 509
457 530
458 481
458 535
460 555
460 485
462 468
462 522
462 541
463 605
463 586
463 566
464 499
464 479
465 475
465 578
466 489
466 543
467 591
467 498
468 494
469 491
469 588
470 493
470 597
471 582
472 496
472 485
472 615
472 625
473 494
473 480
474 481
474 492
474 614
474 592
475 574
475 523
476 598
476 496
477 501
477 591
478 589
478 626
479 601
480 486
480 593
481 518
482 600
483 487
483 589
484 490
484 598
484 632
485 600
486 627
487 498
488 626
488 491
489 615
489 549
490 509
492 585
492 545
495 627
495 497
496 585
497 599
499 624
500 620
502 583
502 577
504 612
507 518
508 582
509 548
515 550
517 583
517 561
519 525
519 581
519 619
520 619
521 623
522 623
522 523
524 576
527 631
531 561
532 545
533 574
534 635
540 542
552 580
596 607
604 619
619 635
623 632
